{
 "cells": [
  {
   "cell_type": "code",
   "execution_count": 1,
   "metadata": {},
   "outputs": [],
   "source": [
    "import math\n",
    "import numpy as np\n",
    "import matplotlib\n",
    "import pandas_datareader as dr\n",
    "import pandas as pd\n",
    "import datetime as dt\n",
    "from datetime import datetime"
   ]
  },
  {
   "cell_type": "code",
   "execution_count": 2,
   "metadata": {
    "scrolled": true
   },
   "outputs": [
    {
     "data": {
      "text/html": [
       "<div>\n",
       "<style scoped>\n",
       "    .dataframe tbody tr th:only-of-type {\n",
       "        vertical-align: middle;\n",
       "    }\n",
       "\n",
       "    .dataframe tbody tr th {\n",
       "        vertical-align: top;\n",
       "    }\n",
       "\n",
       "    .dataframe thead th {\n",
       "        text-align: right;\n",
       "    }\n",
       "</style>\n",
       "<table border=\"1\" class=\"dataframe\">\n",
       "  <thead>\n",
       "    <tr style=\"text-align: right;\">\n",
       "      <th></th>\n",
       "      <th>HEN.DE</th>\n",
       "      <th>AD.AS</th>\n",
       "      <th>JPM</th>\n",
       "      <th>MA</th>\n",
       "      <th>ALV.DE</th>\n",
       "      <th>NVO</th>\n",
       "      <th>MDT</th>\n",
       "      <th>DPW.DE</th>\n",
       "      <th>MGA</th>\n",
       "      <th>DTE.DE</th>\n",
       "      <th>NFLX</th>\n",
       "      <th>ETN</th>\n",
       "      <th>PHIA.AS</th>\n",
       "      <th>NVDA</th>\n",
       "      <th>WM</th>\n",
       "      <th>NTDOY</th>\n",
       "      <th>UNH</th>\n",
       "      <th>EQIX</th>\n",
       "      <th>ICLN</th>\n",
       "      <th>EOAN.DE</th>\n",
       "    </tr>\n",
       "    <tr>\n",
       "      <th>Date</th>\n",
       "      <th></th>\n",
       "      <th></th>\n",
       "      <th></th>\n",
       "      <th></th>\n",
       "      <th></th>\n",
       "      <th></th>\n",
       "      <th></th>\n",
       "      <th></th>\n",
       "      <th></th>\n",
       "      <th></th>\n",
       "      <th></th>\n",
       "      <th></th>\n",
       "      <th></th>\n",
       "      <th></th>\n",
       "      <th></th>\n",
       "      <th></th>\n",
       "      <th></th>\n",
       "      <th></th>\n",
       "      <th></th>\n",
       "      <th></th>\n",
       "    </tr>\n",
       "  </thead>\n",
       "  <tbody>\n",
       "    <tr>\n",
       "      <th>2018-01-02</th>\n",
       "      <td>90.370361</td>\n",
       "      <td>16.311605</td>\n",
       "      <td>98.044830</td>\n",
       "      <td>149.259140</td>\n",
       "      <td>166.446701</td>\n",
       "      <td>51.239185</td>\n",
       "      <td>77.314270</td>\n",
       "      <td>33.998756</td>\n",
       "      <td>52.430771</td>\n",
       "      <td>12.327825</td>\n",
       "      <td>201.070007</td>\n",
       "      <td>73.213631</td>\n",
       "      <td>28.084408</td>\n",
       "      <td>197.695740</td>\n",
       "      <td>81.199699</td>\n",
       "      <td>45.900002</td>\n",
       "      <td>211.113892</td>\n",
       "      <td>421.860779</td>\n",
       "      <td>9.025839</td>\n",
       "      <td>7.763590</td>\n",
       "    </tr>\n",
       "    <tr>\n",
       "      <th>2018-01-03</th>\n",
       "      <td>92.059952</td>\n",
       "      <td>16.324051</td>\n",
       "      <td>98.144745</td>\n",
       "      <td>151.135788</td>\n",
       "      <td>166.705826</td>\n",
       "      <td>51.731148</td>\n",
       "      <td>78.922432</td>\n",
       "      <td>34.378052</td>\n",
       "      <td>52.421604</td>\n",
       "      <td>12.298720</td>\n",
       "      <td>205.050003</td>\n",
       "      <td>75.794586</td>\n",
       "      <td>28.272682</td>\n",
       "      <td>210.706848</td>\n",
       "      <td>82.378563</td>\n",
       "      <td>46.939999</td>\n",
       "      <td>213.328491</td>\n",
       "      <td>423.805267</td>\n",
       "      <td>9.006757</td>\n",
       "      <td>7.770433</td>\n",
       "    </tr>\n",
       "    <tr>\n",
       "      <th>2018-01-04</th>\n",
       "      <td>92.973251</td>\n",
       "      <td>16.382721</td>\n",
       "      <td>99.550728</td>\n",
       "      <td>153.091080</td>\n",
       "      <td>168.865219</td>\n",
       "      <td>51.551392</td>\n",
       "      <td>79.110527</td>\n",
       "      <td>34.722870</td>\n",
       "      <td>53.283825</td>\n",
       "      <td>12.365246</td>\n",
       "      <td>205.630005</td>\n",
       "      <td>74.986877</td>\n",
       "      <td>28.940609</td>\n",
       "      <td>211.817535</td>\n",
       "      <td>83.085876</td>\n",
       "      <td>48.540001</td>\n",
       "      <td>214.254440</td>\n",
       "      <td>422.833008</td>\n",
       "      <td>8.939969</td>\n",
       "      <td>7.790102</td>\n",
       "    </tr>\n",
       "    <tr>\n",
       "      <th>2018-01-05</th>\n",
       "      <td>94.525841</td>\n",
       "      <td>16.421833</td>\n",
       "      <td>98.911636</td>\n",
       "      <td>156.264679</td>\n",
       "      <td>171.508331</td>\n",
       "      <td>51.787910</td>\n",
       "      <td>80.445976</td>\n",
       "      <td>35.136646</td>\n",
       "      <td>54.613869</td>\n",
       "      <td>12.431769</td>\n",
       "      <td>209.990005</td>\n",
       "      <td>75.562485</td>\n",
       "      <td>29.505438</td>\n",
       "      <td>213.612518</td>\n",
       "      <td>82.982140</td>\n",
       "      <td>47.430000</td>\n",
       "      <td>218.339996</td>\n",
       "      <td>424.286682</td>\n",
       "      <td>8.968593</td>\n",
       "      <td>7.899570</td>\n",
       "    </tr>\n",
       "    <tr>\n",
       "      <th>2018-01-08</th>\n",
       "      <td>93.977867</td>\n",
       "      <td>16.428944</td>\n",
       "      <td>99.057709</td>\n",
       "      <td>156.737091</td>\n",
       "      <td>171.767471</td>\n",
       "      <td>51.740604</td>\n",
       "      <td>80.417755</td>\n",
       "      <td>35.222855</td>\n",
       "      <td>54.256134</td>\n",
       "      <td>12.498295</td>\n",
       "      <td>212.050003</td>\n",
       "      <td>76.156670</td>\n",
       "      <td>29.720608</td>\n",
       "      <td>220.157761</td>\n",
       "      <td>83.038727</td>\n",
       "      <td>47.570000</td>\n",
       "      <td>214.550339</td>\n",
       "      <td>432.508301</td>\n",
       "      <td>9.102167</td>\n",
       "      <td>7.874769</td>\n",
       "    </tr>\n",
       "    <tr>\n",
       "      <th>...</th>\n",
       "      <td>...</td>\n",
       "      <td>...</td>\n",
       "      <td>...</td>\n",
       "      <td>...</td>\n",
       "      <td>...</td>\n",
       "      <td>...</td>\n",
       "      <td>...</td>\n",
       "      <td>...</td>\n",
       "      <td>...</td>\n",
       "      <td>...</td>\n",
       "      <td>...</td>\n",
       "      <td>...</td>\n",
       "      <td>...</td>\n",
       "      <td>...</td>\n",
       "      <td>...</td>\n",
       "      <td>...</td>\n",
       "      <td>...</td>\n",
       "      <td>...</td>\n",
       "      <td>...</td>\n",
       "      <td>...</td>\n",
       "    </tr>\n",
       "    <tr>\n",
       "      <th>2021-02-02</th>\n",
       "      <td>79.250000</td>\n",
       "      <td>23.540001</td>\n",
       "      <td>133.610001</td>\n",
       "      <td>334.369995</td>\n",
       "      <td>192.720001</td>\n",
       "      <td>70.970001</td>\n",
       "      <td>113.949997</td>\n",
       "      <td>41.560001</td>\n",
       "      <td>73.320000</td>\n",
       "      <td>14.985000</td>\n",
       "      <td>548.159973</td>\n",
       "      <td>120.440002</td>\n",
       "      <td>47.095001</td>\n",
       "      <td>542.270020</td>\n",
       "      <td>113.000000</td>\n",
       "      <td>75.459999</td>\n",
       "      <td>338.720001</td>\n",
       "      <td>768.570007</td>\n",
       "      <td>30.799999</td>\n",
       "      <td>8.880000</td>\n",
       "    </tr>\n",
       "    <tr>\n",
       "      <th>2021-02-03</th>\n",
       "      <td>78.199997</td>\n",
       "      <td>23.600000</td>\n",
       "      <td>135.139999</td>\n",
       "      <td>332.820007</td>\n",
       "      <td>193.139999</td>\n",
       "      <td>72.410004</td>\n",
       "      <td>112.629997</td>\n",
       "      <td>41.290001</td>\n",
       "      <td>76.150002</td>\n",
       "      <td>15.255000</td>\n",
       "      <td>539.450012</td>\n",
       "      <td>119.540001</td>\n",
       "      <td>46.695000</td>\n",
       "      <td>541.219971</td>\n",
       "      <td>112.220001</td>\n",
       "      <td>74.000000</td>\n",
       "      <td>337.890015</td>\n",
       "      <td>754.890015</td>\n",
       "      <td>31.350000</td>\n",
       "      <td>8.842000</td>\n",
       "    </tr>\n",
       "    <tr>\n",
       "      <th>2021-02-04</th>\n",
       "      <td>78.500000</td>\n",
       "      <td>23.459999</td>\n",
       "      <td>138.250000</td>\n",
       "      <td>340.829987</td>\n",
       "      <td>195.960007</td>\n",
       "      <td>71.629997</td>\n",
       "      <td>117.000000</td>\n",
       "      <td>41.169998</td>\n",
       "      <td>76.050003</td>\n",
       "      <td>15.295000</td>\n",
       "      <td>552.159973</td>\n",
       "      <td>120.540001</td>\n",
       "      <td>47.299999</td>\n",
       "      <td>546.570007</td>\n",
       "      <td>113.080002</td>\n",
       "      <td>73.129997</td>\n",
       "      <td>329.320007</td>\n",
       "      <td>746.909973</td>\n",
       "      <td>30.950001</td>\n",
       "      <td>8.830000</td>\n",
       "    </tr>\n",
       "    <tr>\n",
       "      <th>2021-02-05</th>\n",
       "      <td>77.750000</td>\n",
       "      <td>23.350000</td>\n",
       "      <td>137.979996</td>\n",
       "      <td>338.750000</td>\n",
       "      <td>195.699997</td>\n",
       "      <td>71.400002</td>\n",
       "      <td>118.400002</td>\n",
       "      <td>42.220001</td>\n",
       "      <td>76.470001</td>\n",
       "      <td>15.065000</td>\n",
       "      <td>550.789978</td>\n",
       "      <td>121.940002</td>\n",
       "      <td>47.080002</td>\n",
       "      <td>543.640015</td>\n",
       "      <td>113.730003</td>\n",
       "      <td>75.209999</td>\n",
       "      <td>324.510010</td>\n",
       "      <td>754.289978</td>\n",
       "      <td>31.180000</td>\n",
       "      <td>8.808000</td>\n",
       "    </tr>\n",
       "    <tr>\n",
       "      <th>2021-02-08</th>\n",
       "      <td>78.400002</td>\n",
       "      <td>23.340000</td>\n",
       "      <td>139.535004</td>\n",
       "      <td>337.190002</td>\n",
       "      <td>196.199997</td>\n",
       "      <td>70.660004</td>\n",
       "      <td>118.250000</td>\n",
       "      <td>42.259998</td>\n",
       "      <td>76.720001</td>\n",
       "      <td>15.060000</td>\n",
       "      <td>550.294983</td>\n",
       "      <td>119.849998</td>\n",
       "      <td>46.915001</td>\n",
       "      <td>566.530029</td>\n",
       "      <td>114.440002</td>\n",
       "      <td>75.629997</td>\n",
       "      <td>325.679993</td>\n",
       "      <td>745.940002</td>\n",
       "      <td>31.504999</td>\n",
       "      <td>8.760000</td>\n",
       "    </tr>\n",
       "  </tbody>\n",
       "</table>\n",
       "<p>781 rows × 20 columns</p>\n",
       "</div>"
      ],
      "text/plain": [
       "               HEN.DE      AD.AS         JPM          MA      ALV.DE  \\\n",
       "Date                                                                   \n",
       "2018-01-02  90.370361  16.311605   98.044830  149.259140  166.446701   \n",
       "2018-01-03  92.059952  16.324051   98.144745  151.135788  166.705826   \n",
       "2018-01-04  92.973251  16.382721   99.550728  153.091080  168.865219   \n",
       "2018-01-05  94.525841  16.421833   98.911636  156.264679  171.508331   \n",
       "2018-01-08  93.977867  16.428944   99.057709  156.737091  171.767471   \n",
       "...               ...        ...         ...         ...         ...   \n",
       "2021-02-02  79.250000  23.540001  133.610001  334.369995  192.720001   \n",
       "2021-02-03  78.199997  23.600000  135.139999  332.820007  193.139999   \n",
       "2021-02-04  78.500000  23.459999  138.250000  340.829987  195.960007   \n",
       "2021-02-05  77.750000  23.350000  137.979996  338.750000  195.699997   \n",
       "2021-02-08  78.400002  23.340000  139.535004  337.190002  196.199997   \n",
       "\n",
       "                  NVO         MDT     DPW.DE        MGA     DTE.DE  \\\n",
       "Date                                                                 \n",
       "2018-01-02  51.239185   77.314270  33.998756  52.430771  12.327825   \n",
       "2018-01-03  51.731148   78.922432  34.378052  52.421604  12.298720   \n",
       "2018-01-04  51.551392   79.110527  34.722870  53.283825  12.365246   \n",
       "2018-01-05  51.787910   80.445976  35.136646  54.613869  12.431769   \n",
       "2018-01-08  51.740604   80.417755  35.222855  54.256134  12.498295   \n",
       "...               ...         ...        ...        ...        ...   \n",
       "2021-02-02  70.970001  113.949997  41.560001  73.320000  14.985000   \n",
       "2021-02-03  72.410004  112.629997  41.290001  76.150002  15.255000   \n",
       "2021-02-04  71.629997  117.000000  41.169998  76.050003  15.295000   \n",
       "2021-02-05  71.400002  118.400002  42.220001  76.470001  15.065000   \n",
       "2021-02-08  70.660004  118.250000  42.259998  76.720001  15.060000   \n",
       "\n",
       "                  NFLX         ETN    PHIA.AS        NVDA          WM  \\\n",
       "Date                                                                    \n",
       "2018-01-02  201.070007   73.213631  28.084408  197.695740   81.199699   \n",
       "2018-01-03  205.050003   75.794586  28.272682  210.706848   82.378563   \n",
       "2018-01-04  205.630005   74.986877  28.940609  211.817535   83.085876   \n",
       "2018-01-05  209.990005   75.562485  29.505438  213.612518   82.982140   \n",
       "2018-01-08  212.050003   76.156670  29.720608  220.157761   83.038727   \n",
       "...                ...         ...        ...         ...         ...   \n",
       "2021-02-02  548.159973  120.440002  47.095001  542.270020  113.000000   \n",
       "2021-02-03  539.450012  119.540001  46.695000  541.219971  112.220001   \n",
       "2021-02-04  552.159973  120.540001  47.299999  546.570007  113.080002   \n",
       "2021-02-05  550.789978  121.940002  47.080002  543.640015  113.730003   \n",
       "2021-02-08  550.294983  119.849998  46.915001  566.530029  114.440002   \n",
       "\n",
       "                NTDOY         UNH        EQIX       ICLN   EOAN.DE  \n",
       "Date                                                                \n",
       "2018-01-02  45.900002  211.113892  421.860779   9.025839  7.763590  \n",
       "2018-01-03  46.939999  213.328491  423.805267   9.006757  7.770433  \n",
       "2018-01-04  48.540001  214.254440  422.833008   8.939969  7.790102  \n",
       "2018-01-05  47.430000  218.339996  424.286682   8.968593  7.899570  \n",
       "2018-01-08  47.570000  214.550339  432.508301   9.102167  7.874769  \n",
       "...               ...         ...         ...        ...       ...  \n",
       "2021-02-02  75.459999  338.720001  768.570007  30.799999  8.880000  \n",
       "2021-02-03  74.000000  337.890015  754.890015  31.350000  8.842000  \n",
       "2021-02-04  73.129997  329.320007  746.909973  30.950001  8.830000  \n",
       "2021-02-05  75.209999  324.510010  754.289978  31.180000  8.808000  \n",
       "2021-02-08  75.629997  325.679993  745.940002  31.504999  8.760000  \n",
       "\n",
       "[781 rows x 20 columns]"
      ]
     },
     "execution_count": 2,
     "metadata": {},
     "output_type": "execute_result"
    }
   ],
   "source": [
    "start = '2018-01-01'\n",
    "today = datetime.today().strftime('%Y-%m-%d')\n",
    "tickers = pd.read_excel ('SigmaInput.xlsx')[\"Ticker\"]\n",
    "\n",
    "price_data = pd.DataFrame()\n",
    "\n",
    "for t in tickers:\n",
    "    price_data[t] = dr.data.get_data_yahoo(t, start =start, end =today)['Adj Close']\n",
    "\n",
    "return_data = (price_data/price_data.shift(1))-1\n",
    "price_data"
   ]
  },
  {
   "cell_type": "code",
   "execution_count": 3,
   "metadata": {},
   "outputs": [
    {
     "name": "stdout",
     "output_type": "stream",
     "text": [
      "           HEN.DE     AD.AS       JPM        MA    ALV.DE       NVO       MDT  \\\n",
      "HEN.DE   0.057190  0.012922  0.030140  0.029786  0.039950  0.012197  0.025585   \n",
      "AD.AS    0.012922  0.043716  0.005383  0.006924  0.015158  0.011012  0.004126   \n",
      "JPM      0.030140  0.005383  0.128784  0.085386  0.058347  0.028314  0.067536   \n",
      "MA       0.029786  0.006924  0.085386  0.127905  0.049168  0.036833  0.072017   \n",
      "ALV.DE   0.039950  0.015158  0.058347  0.049168  0.080469  0.013312  0.041573   \n",
      "NVO      0.012197  0.011012  0.028314  0.036833  0.013312  0.067723  0.029175   \n",
      "MDT      0.025585  0.004126  0.067536  0.072017  0.041573  0.029175  0.080107   \n",
      "DPW.DE   0.029891  0.010959  0.049661  0.047900  0.049698  0.023518  0.037091   \n",
      "MGA      0.039866  0.005619  0.095877  0.086705  0.067417  0.031419  0.067101   \n",
      "DTE.DE   0.024568  0.014773  0.031152  0.025495  0.038383  0.012784  0.024819   \n",
      "NFLX     0.010326  0.006514  0.035411  0.063699  0.015821  0.032764  0.031498   \n",
      "ETN      0.034375  0.005185  0.095690  0.088058  0.054819  0.027806  0.067713   \n",
      "PHIA.AS  0.027731  0.014285  0.030049  0.038546  0.035421  0.022612  0.032462   \n",
      "NVDA     0.024770  0.009424  0.076733  0.111643  0.040921  0.047968  0.064959   \n",
      "WM       0.018682  0.011318  0.051595  0.048656  0.027662  0.023897  0.040645   \n",
      "NTDOY    0.010135  0.008803  0.023587  0.034629  0.011919  0.023860  0.019816   \n",
      "UNH      0.025074  0.011003  0.067310  0.071821  0.037139  0.040228  0.056925   \n",
      "EQIX     0.013905  0.009050  0.038553  0.054457  0.016968  0.031619  0.037467   \n",
      "ICLN     0.027799  0.011490  0.067208  0.068723  0.044759  0.030524  0.051591   \n",
      "EOAN.DE  0.022542  0.014985  0.023205  0.025321  0.029648  0.017271  0.020677   \n",
      "\n",
      "           DPW.DE       MGA    DTE.DE      NFLX       ETN   PHIA.AS      NVDA  \\\n",
      "HEN.DE   0.029891  0.039866  0.024568  0.010326  0.034375  0.027731  0.024770   \n",
      "AD.AS    0.010959  0.005619  0.014773  0.006514  0.005185  0.014285  0.009424   \n",
      "JPM      0.049661  0.095877  0.031152  0.035411  0.095690  0.030049  0.076733   \n",
      "MA       0.047900  0.086705  0.025495  0.063699  0.088058  0.038546  0.111643   \n",
      "ALV.DE   0.049698  0.067417  0.038383  0.015821  0.054819  0.035421  0.040921   \n",
      "NVO      0.023518  0.031419  0.012784  0.032764  0.027806  0.022612  0.047968   \n",
      "MDT      0.037091  0.067101  0.024819  0.031498  0.067713  0.032462  0.064959   \n",
      "DPW.DE   0.077166  0.061545  0.030571  0.031194  0.054685  0.036933  0.059527   \n",
      "MGA      0.061545  0.164280  0.036330  0.045709  0.103309  0.037212  0.091180   \n",
      "DTE.DE   0.030571  0.036330  0.043024  0.012438  0.028494  0.025532  0.027230   \n",
      "NFLX     0.031194  0.045709  0.012438  0.195604  0.037879  0.021170  0.117292   \n",
      "ETN      0.054685  0.103309  0.028494  0.037879  0.126672  0.036523  0.091317   \n",
      "PHIA.AS  0.036933  0.037212  0.025532  0.021170  0.036523  0.071441  0.040970   \n",
      "NVDA     0.059527  0.091180  0.027230  0.117292  0.091317  0.040970  0.252948   \n",
      "WM       0.023761  0.045192  0.019946  0.024820  0.049174  0.020173  0.047029   \n",
      "NTDOY    0.026296  0.033094  0.009804  0.047050  0.032741  0.016274  0.059083   \n",
      "UNH      0.039352  0.070116  0.025086  0.051358  0.070034  0.028648  0.084521   \n",
      "EQIX     0.025182  0.038452  0.015293  0.039693  0.047417  0.024207  0.065037   \n",
      "ICLN     0.046545  0.079270  0.028855  0.047676  0.070047  0.031667  0.081518   \n",
      "EOAN.DE  0.023445  0.027141  0.024191  0.005979  0.026298  0.024679  0.019419   \n",
      "\n",
      "               WM     NTDOY       UNH      EQIX      ICLN   EOAN.DE  \n",
      "HEN.DE   0.018682  0.010135  0.025074  0.013905  0.027799  0.022542  \n",
      "AD.AS    0.011318  0.008803  0.011003  0.009050  0.011490  0.014985  \n",
      "JPM      0.051595  0.023587  0.067310  0.038553  0.067208  0.023205  \n",
      "MA       0.048656  0.034629  0.071821  0.054457  0.068723  0.025321  \n",
      "ALV.DE   0.027662  0.011919  0.037139  0.016968  0.044759  0.029648  \n",
      "NVO      0.023897  0.023860  0.040228  0.031619  0.030524  0.017271  \n",
      "MDT      0.040645  0.019816  0.056925  0.037467  0.051591  0.020677  \n",
      "DPW.DE   0.023761  0.026296  0.039352  0.025182  0.046545  0.023445  \n",
      "MGA      0.045192  0.033094  0.070116  0.038452  0.079270  0.027141  \n",
      "DTE.DE   0.019946  0.009804  0.025086  0.015293  0.028855  0.024191  \n",
      "NFLX     0.024820  0.047050  0.051358  0.039693  0.047676  0.005979  \n",
      "ETN      0.049174  0.032741  0.070034  0.047417  0.070047  0.026298  \n",
      "PHIA.AS  0.020173  0.016274  0.028648  0.024207  0.031667  0.024679  \n",
      "NVDA     0.047029  0.059083  0.084521  0.065037  0.081518  0.019419  \n",
      "WM       0.057329  0.021361  0.045259  0.035223  0.040364  0.019117  \n",
      "NTDOY    0.021361  0.119171  0.026561  0.022415  0.031319  0.004794  \n",
      "UNH      0.045259  0.026561  0.118831  0.048664  0.055694  0.025452  \n",
      "EQIX     0.035223  0.022415  0.048664  0.089130  0.038595  0.020001  \n",
      "ICLN     0.040364  0.031319  0.055694  0.038595  0.087790  0.024495  \n",
      "EOAN.DE  0.019117  0.004794  0.025452  0.020001  0.024495  0.051751  \n"
     ]
    }
   ],
   "source": [
    "cov_matrix_annual = return_data.cov()*252\n",
    "cov_matrix_annual.to_excel('Co-VarMatrix.xlsx')\n",
    "print(cov_matrix_annual)"
   ]
  },
  {
   "cell_type": "code",
   "execution_count": 4,
   "metadata": {},
   "outputs": [
    {
     "data": {
      "text/html": [
       "<div>\n",
       "<style scoped>\n",
       "    .dataframe tbody tr th:only-of-type {\n",
       "        vertical-align: middle;\n",
       "    }\n",
       "\n",
       "    .dataframe tbody tr th {\n",
       "        vertical-align: top;\n",
       "    }\n",
       "\n",
       "    .dataframe thead th {\n",
       "        text-align: right;\n",
       "    }\n",
       "</style>\n",
       "<table border=\"1\" class=\"dataframe\">\n",
       "  <thead>\n",
       "    <tr style=\"text-align: right;\">\n",
       "      <th></th>\n",
       "      <th>HEN.DE</th>\n",
       "      <th>AD.AS</th>\n",
       "      <th>JPM</th>\n",
       "      <th>MA</th>\n",
       "      <th>ALV.DE</th>\n",
       "      <th>NVO</th>\n",
       "      <th>MDT</th>\n",
       "      <th>DPW.DE</th>\n",
       "      <th>MGA</th>\n",
       "      <th>DTE.DE</th>\n",
       "      <th>NFLX</th>\n",
       "      <th>ETN</th>\n",
       "      <th>PHIA.AS</th>\n",
       "      <th>NVDA</th>\n",
       "      <th>WM</th>\n",
       "      <th>NTDOY</th>\n",
       "      <th>UNH</th>\n",
       "      <th>EQIX</th>\n",
       "      <th>ICLN</th>\n",
       "      <th>EOAN.DE</th>\n",
       "    </tr>\n",
       "  </thead>\n",
       "  <tbody>\n",
       "    <tr>\n",
       "      <th>HEN.DE</th>\n",
       "      <td>1.000000</td>\n",
       "      <td>0.258433</td>\n",
       "      <td>0.353412</td>\n",
       "      <td>0.350461</td>\n",
       "      <td>0.588894</td>\n",
       "      <td>0.197225</td>\n",
       "      <td>0.380387</td>\n",
       "      <td>0.449947</td>\n",
       "      <td>0.413888</td>\n",
       "      <td>0.495282</td>\n",
       "      <td>0.098249</td>\n",
       "      <td>0.406421</td>\n",
       "      <td>0.433836</td>\n",
       "      <td>0.207247</td>\n",
       "      <td>0.328327</td>\n",
       "      <td>0.123548</td>\n",
       "      <td>0.306080</td>\n",
       "      <td>0.195996</td>\n",
       "      <td>0.394810</td>\n",
       "      <td>0.414354</td>\n",
       "    </tr>\n",
       "    <tr>\n",
       "      <th>AD.AS</th>\n",
       "      <td>0.258433</td>\n",
       "      <td>1.000000</td>\n",
       "      <td>0.070957</td>\n",
       "      <td>0.091594</td>\n",
       "      <td>0.255562</td>\n",
       "      <td>0.200187</td>\n",
       "      <td>0.068963</td>\n",
       "      <td>0.188685</td>\n",
       "      <td>0.065579</td>\n",
       "      <td>0.340637</td>\n",
       "      <td>0.069678</td>\n",
       "      <td>0.068917</td>\n",
       "      <td>0.255622</td>\n",
       "      <td>0.088641</td>\n",
       "      <td>0.223617</td>\n",
       "      <td>0.120637</td>\n",
       "      <td>0.151002</td>\n",
       "      <td>0.143409</td>\n",
       "      <td>0.183458</td>\n",
       "      <td>0.315053</td>\n",
       "    </tr>\n",
       "    <tr>\n",
       "      <th>JPM</th>\n",
       "      <td>0.353412</td>\n",
       "      <td>0.070957</td>\n",
       "      <td>1.000000</td>\n",
       "      <td>0.665287</td>\n",
       "      <td>0.565897</td>\n",
       "      <td>0.303178</td>\n",
       "      <td>0.664921</td>\n",
       "      <td>0.492584</td>\n",
       "      <td>0.659162</td>\n",
       "      <td>0.412880</td>\n",
       "      <td>0.223108</td>\n",
       "      <td>0.749196</td>\n",
       "      <td>0.308985</td>\n",
       "      <td>0.425145</td>\n",
       "      <td>0.600463</td>\n",
       "      <td>0.190396</td>\n",
       "      <td>0.544102</td>\n",
       "      <td>0.359849</td>\n",
       "      <td>0.632074</td>\n",
       "      <td>0.281991</td>\n",
       "    </tr>\n",
       "    <tr>\n",
       "      <th>MA</th>\n",
       "      <td>0.350461</td>\n",
       "      <td>0.091594</td>\n",
       "      <td>0.665287</td>\n",
       "      <td>1.000000</td>\n",
       "      <td>0.478510</td>\n",
       "      <td>0.395750</td>\n",
       "      <td>0.711474</td>\n",
       "      <td>0.476749</td>\n",
       "      <td>0.598149</td>\n",
       "      <td>0.339058</td>\n",
       "      <td>0.402715</td>\n",
       "      <td>0.691809</td>\n",
       "      <td>0.397712</td>\n",
       "      <td>0.620687</td>\n",
       "      <td>0.568200</td>\n",
       "      <td>0.280483</td>\n",
       "      <td>0.582566</td>\n",
       "      <td>0.510032</td>\n",
       "      <td>0.648540</td>\n",
       "      <td>0.308760</td>\n",
       "    </tr>\n",
       "    <tr>\n",
       "      <th>ALV.DE</th>\n",
       "      <td>0.588894</td>\n",
       "      <td>0.255562</td>\n",
       "      <td>0.565897</td>\n",
       "      <td>0.478510</td>\n",
       "      <td>1.000000</td>\n",
       "      <td>0.178040</td>\n",
       "      <td>0.511242</td>\n",
       "      <td>0.630683</td>\n",
       "      <td>0.578939</td>\n",
       "      <td>0.652330</td>\n",
       "      <td>0.124512</td>\n",
       "      <td>0.536095</td>\n",
       "      <td>0.467170</td>\n",
       "      <td>0.283192</td>\n",
       "      <td>0.402114</td>\n",
       "      <td>0.120170</td>\n",
       "      <td>0.374991</td>\n",
       "      <td>0.197823</td>\n",
       "      <td>0.525784</td>\n",
       "      <td>0.459432</td>\n",
       "    </tr>\n",
       "    <tr>\n",
       "      <th>NVO</th>\n",
       "      <td>0.197225</td>\n",
       "      <td>0.200187</td>\n",
       "      <td>0.303178</td>\n",
       "      <td>0.395750</td>\n",
       "      <td>0.178040</td>\n",
       "      <td>1.000000</td>\n",
       "      <td>0.396108</td>\n",
       "      <td>0.321685</td>\n",
       "      <td>0.297877</td>\n",
       "      <td>0.233650</td>\n",
       "      <td>0.284674</td>\n",
       "      <td>0.300219</td>\n",
       "      <td>0.320634</td>\n",
       "      <td>0.366497</td>\n",
       "      <td>0.383525</td>\n",
       "      <td>0.265598</td>\n",
       "      <td>0.448430</td>\n",
       "      <td>0.406970</td>\n",
       "      <td>0.395864</td>\n",
       "      <td>0.289416</td>\n",
       "    </tr>\n",
       "    <tr>\n",
       "      <th>MDT</th>\n",
       "      <td>0.380387</td>\n",
       "      <td>0.068963</td>\n",
       "      <td>0.664921</td>\n",
       "      <td>0.711474</td>\n",
       "      <td>0.511242</td>\n",
       "      <td>0.396108</td>\n",
       "      <td>1.000000</td>\n",
       "      <td>0.466480</td>\n",
       "      <td>0.584930</td>\n",
       "      <td>0.417072</td>\n",
       "      <td>0.251631</td>\n",
       "      <td>0.672199</td>\n",
       "      <td>0.423232</td>\n",
       "      <td>0.456337</td>\n",
       "      <td>0.599767</td>\n",
       "      <td>0.202812</td>\n",
       "      <td>0.583449</td>\n",
       "      <td>0.443412</td>\n",
       "      <td>0.615203</td>\n",
       "      <td>0.318583</td>\n",
       "    </tr>\n",
       "    <tr>\n",
       "      <th>DPW.DE</th>\n",
       "      <td>0.449947</td>\n",
       "      <td>0.188685</td>\n",
       "      <td>0.492584</td>\n",
       "      <td>0.476749</td>\n",
       "      <td>0.630683</td>\n",
       "      <td>0.321685</td>\n",
       "      <td>0.466480</td>\n",
       "      <td>1.000000</td>\n",
       "      <td>0.540504</td>\n",
       "      <td>0.530558</td>\n",
       "      <td>0.251059</td>\n",
       "      <td>0.546917</td>\n",
       "      <td>0.497423</td>\n",
       "      <td>0.421299</td>\n",
       "      <td>0.353245</td>\n",
       "      <td>0.271149</td>\n",
       "      <td>0.406342</td>\n",
       "      <td>0.300238</td>\n",
       "      <td>0.559175</td>\n",
       "      <td>0.371005</td>\n",
       "    </tr>\n",
       "    <tr>\n",
       "      <th>MGA</th>\n",
       "      <td>0.413888</td>\n",
       "      <td>0.065579</td>\n",
       "      <td>0.659162</td>\n",
       "      <td>0.598149</td>\n",
       "      <td>0.578939</td>\n",
       "      <td>0.297877</td>\n",
       "      <td>0.584930</td>\n",
       "      <td>0.540504</td>\n",
       "      <td>1.000000</td>\n",
       "      <td>0.426326</td>\n",
       "      <td>0.254988</td>\n",
       "      <td>0.716157</td>\n",
       "      <td>0.338785</td>\n",
       "      <td>0.447291</td>\n",
       "      <td>0.465675</td>\n",
       "      <td>0.236519</td>\n",
       "      <td>0.501835</td>\n",
       "      <td>0.317769</td>\n",
       "      <td>0.660077</td>\n",
       "      <td>0.292019</td>\n",
       "    </tr>\n",
       "    <tr>\n",
       "      <th>DTE.DE</th>\n",
       "      <td>0.495282</td>\n",
       "      <td>0.340637</td>\n",
       "      <td>0.412880</td>\n",
       "      <td>0.339058</td>\n",
       "      <td>0.652330</td>\n",
       "      <td>0.233650</td>\n",
       "      <td>0.417072</td>\n",
       "      <td>0.530558</td>\n",
       "      <td>0.426326</td>\n",
       "      <td>1.000000</td>\n",
       "      <td>0.133766</td>\n",
       "      <td>0.380793</td>\n",
       "      <td>0.460519</td>\n",
       "      <td>0.257514</td>\n",
       "      <td>0.396213</td>\n",
       "      <td>0.135082</td>\n",
       "      <td>0.346123</td>\n",
       "      <td>0.243642</td>\n",
       "      <td>0.463198</td>\n",
       "      <td>0.512663</td>\n",
       "    </tr>\n",
       "    <tr>\n",
       "      <th>NFLX</th>\n",
       "      <td>0.098249</td>\n",
       "      <td>0.069678</td>\n",
       "      <td>0.223108</td>\n",
       "      <td>0.402715</td>\n",
       "      <td>0.124512</td>\n",
       "      <td>0.284674</td>\n",
       "      <td>0.251631</td>\n",
       "      <td>0.251059</td>\n",
       "      <td>0.254988</td>\n",
       "      <td>0.133766</td>\n",
       "      <td>1.000000</td>\n",
       "      <td>0.240638</td>\n",
       "      <td>0.176634</td>\n",
       "      <td>0.527309</td>\n",
       "      <td>0.234381</td>\n",
       "      <td>0.308168</td>\n",
       "      <td>0.336863</td>\n",
       "      <td>0.300619</td>\n",
       "      <td>0.363825</td>\n",
       "      <td>0.058951</td>\n",
       "    </tr>\n",
       "    <tr>\n",
       "      <th>ETN</th>\n",
       "      <td>0.406421</td>\n",
       "      <td>0.068917</td>\n",
       "      <td>0.749196</td>\n",
       "      <td>0.691809</td>\n",
       "      <td>0.536095</td>\n",
       "      <td>0.300219</td>\n",
       "      <td>0.672199</td>\n",
       "      <td>0.546917</td>\n",
       "      <td>0.716157</td>\n",
       "      <td>0.380793</td>\n",
       "      <td>0.240638</td>\n",
       "      <td>1.000000</td>\n",
       "      <td>0.378671</td>\n",
       "      <td>0.510147</td>\n",
       "      <td>0.577048</td>\n",
       "      <td>0.266485</td>\n",
       "      <td>0.570823</td>\n",
       "      <td>0.446255</td>\n",
       "      <td>0.664245</td>\n",
       "      <td>0.322226</td>\n",
       "    </tr>\n",
       "    <tr>\n",
       "      <th>PHIA.AS</th>\n",
       "      <td>0.433836</td>\n",
       "      <td>0.255622</td>\n",
       "      <td>0.308985</td>\n",
       "      <td>0.397712</td>\n",
       "      <td>0.467170</td>\n",
       "      <td>0.320634</td>\n",
       "      <td>0.423232</td>\n",
       "      <td>0.497423</td>\n",
       "      <td>0.338785</td>\n",
       "      <td>0.460519</td>\n",
       "      <td>0.176634</td>\n",
       "      <td>0.378671</td>\n",
       "      <td>1.000000</td>\n",
       "      <td>0.300593</td>\n",
       "      <td>0.310901</td>\n",
       "      <td>0.173961</td>\n",
       "      <td>0.306667</td>\n",
       "      <td>0.299202</td>\n",
       "      <td>0.394381</td>\n",
       "      <td>0.405885</td>\n",
       "    </tr>\n",
       "    <tr>\n",
       "      <th>NVDA</th>\n",
       "      <td>0.207247</td>\n",
       "      <td>0.088641</td>\n",
       "      <td>0.425145</td>\n",
       "      <td>0.620687</td>\n",
       "      <td>0.283192</td>\n",
       "      <td>0.366497</td>\n",
       "      <td>0.456337</td>\n",
       "      <td>0.421299</td>\n",
       "      <td>0.447291</td>\n",
       "      <td>0.257514</td>\n",
       "      <td>0.527309</td>\n",
       "      <td>0.510147</td>\n",
       "      <td>0.300593</td>\n",
       "      <td>1.000000</td>\n",
       "      <td>0.390537</td>\n",
       "      <td>0.340301</td>\n",
       "      <td>0.487511</td>\n",
       "      <td>0.433142</td>\n",
       "      <td>0.547034</td>\n",
       "      <td>0.168382</td>\n",
       "    </tr>\n",
       "    <tr>\n",
       "      <th>WM</th>\n",
       "      <td>0.328327</td>\n",
       "      <td>0.223617</td>\n",
       "      <td>0.600463</td>\n",
       "      <td>0.568200</td>\n",
       "      <td>0.402114</td>\n",
       "      <td>0.383525</td>\n",
       "      <td>0.599767</td>\n",
       "      <td>0.353245</td>\n",
       "      <td>0.465675</td>\n",
       "      <td>0.396213</td>\n",
       "      <td>0.234381</td>\n",
       "      <td>0.577048</td>\n",
       "      <td>0.310901</td>\n",
       "      <td>0.390537</td>\n",
       "      <td>1.000000</td>\n",
       "      <td>0.258431</td>\n",
       "      <td>0.548347</td>\n",
       "      <td>0.492745</td>\n",
       "      <td>0.568961</td>\n",
       "      <td>0.348182</td>\n",
       "    </tr>\n",
       "    <tr>\n",
       "      <th>NTDOY</th>\n",
       "      <td>0.123548</td>\n",
       "      <td>0.120637</td>\n",
       "      <td>0.190396</td>\n",
       "      <td>0.280483</td>\n",
       "      <td>0.120170</td>\n",
       "      <td>0.265598</td>\n",
       "      <td>0.202812</td>\n",
       "      <td>0.271149</td>\n",
       "      <td>0.236519</td>\n",
       "      <td>0.135082</td>\n",
       "      <td>0.308168</td>\n",
       "      <td>0.266485</td>\n",
       "      <td>0.173961</td>\n",
       "      <td>0.340301</td>\n",
       "      <td>0.258431</td>\n",
       "      <td>1.000000</td>\n",
       "      <td>0.223196</td>\n",
       "      <td>0.217495</td>\n",
       "      <td>0.306198</td>\n",
       "      <td>0.060561</td>\n",
       "    </tr>\n",
       "    <tr>\n",
       "      <th>UNH</th>\n",
       "      <td>0.306080</td>\n",
       "      <td>0.151002</td>\n",
       "      <td>0.544102</td>\n",
       "      <td>0.582566</td>\n",
       "      <td>0.374991</td>\n",
       "      <td>0.448430</td>\n",
       "      <td>0.583449</td>\n",
       "      <td>0.406342</td>\n",
       "      <td>0.501835</td>\n",
       "      <td>0.346123</td>\n",
       "      <td>0.336863</td>\n",
       "      <td>0.570823</td>\n",
       "      <td>0.306667</td>\n",
       "      <td>0.487511</td>\n",
       "      <td>0.548347</td>\n",
       "      <td>0.223196</td>\n",
       "      <td>1.000000</td>\n",
       "      <td>0.472854</td>\n",
       "      <td>0.545282</td>\n",
       "      <td>0.321981</td>\n",
       "    </tr>\n",
       "    <tr>\n",
       "      <th>EQIX</th>\n",
       "      <td>0.195996</td>\n",
       "      <td>0.143409</td>\n",
       "      <td>0.359849</td>\n",
       "      <td>0.510032</td>\n",
       "      <td>0.197823</td>\n",
       "      <td>0.406970</td>\n",
       "      <td>0.443412</td>\n",
       "      <td>0.300238</td>\n",
       "      <td>0.317769</td>\n",
       "      <td>0.243642</td>\n",
       "      <td>0.300619</td>\n",
       "      <td>0.446255</td>\n",
       "      <td>0.299202</td>\n",
       "      <td>0.433142</td>\n",
       "      <td>0.492745</td>\n",
       "      <td>0.217495</td>\n",
       "      <td>0.472854</td>\n",
       "      <td>1.000000</td>\n",
       "      <td>0.436306</td>\n",
       "      <td>0.292152</td>\n",
       "    </tr>\n",
       "    <tr>\n",
       "      <th>ICLN</th>\n",
       "      <td>0.394810</td>\n",
       "      <td>0.183458</td>\n",
       "      <td>0.632074</td>\n",
       "      <td>0.648540</td>\n",
       "      <td>0.525784</td>\n",
       "      <td>0.395864</td>\n",
       "      <td>0.615203</td>\n",
       "      <td>0.559175</td>\n",
       "      <td>0.660077</td>\n",
       "      <td>0.463198</td>\n",
       "      <td>0.363825</td>\n",
       "      <td>0.664245</td>\n",
       "      <td>0.394381</td>\n",
       "      <td>0.547034</td>\n",
       "      <td>0.568961</td>\n",
       "      <td>0.306198</td>\n",
       "      <td>0.545282</td>\n",
       "      <td>0.436306</td>\n",
       "      <td>1.000000</td>\n",
       "      <td>0.360515</td>\n",
       "    </tr>\n",
       "    <tr>\n",
       "      <th>EOAN.DE</th>\n",
       "      <td>0.414354</td>\n",
       "      <td>0.315053</td>\n",
       "      <td>0.281991</td>\n",
       "      <td>0.308760</td>\n",
       "      <td>0.459432</td>\n",
       "      <td>0.289416</td>\n",
       "      <td>0.318583</td>\n",
       "      <td>0.371005</td>\n",
       "      <td>0.292019</td>\n",
       "      <td>0.512663</td>\n",
       "      <td>0.058951</td>\n",
       "      <td>0.322226</td>\n",
       "      <td>0.405885</td>\n",
       "      <td>0.168382</td>\n",
       "      <td>0.348182</td>\n",
       "      <td>0.060561</td>\n",
       "      <td>0.321981</td>\n",
       "      <td>0.292152</td>\n",
       "      <td>0.360515</td>\n",
       "      <td>1.000000</td>\n",
       "    </tr>\n",
       "  </tbody>\n",
       "</table>\n",
       "</div>"
      ],
      "text/plain": [
       "           HEN.DE     AD.AS       JPM        MA    ALV.DE       NVO       MDT  \\\n",
       "HEN.DE   1.000000  0.258433  0.353412  0.350461  0.588894  0.197225  0.380387   \n",
